1
12
5
4
5
23
25
25
19
43
22
84
75
4
21
5
0
4
107
4
3
26
30
52
315
34
12
38
11
48
0
22
8
11
40
48
91
41
29
32
51
71
212
42
29
66
50
43
16
19
47
17
4
68
16
124
16
44
87
8
12
21
21
14
26
80
96
22
34
95
41
87
88
187
30
39
22
25
73
82
5
17
113
14
179
71
115
54
43
33
5
6
90
50
85
6
0
107
48
53
59
26
98
72
40
63
141
129
3
181
6
404
202
3
52
30
24
272
87
114
28
554
104
259
11
37
57
4
29
50
273
7
178
21
24
99
536
1
75
58
28
0
4
43
283
42
91
3
54
551
28
153
459
3
3
1
1
9
0
0
2
65
2
25
4
5
13
54
52
198
13
12
81
197
44
280
871
13
601
765
930
79
351
116
45
98
923
106
95
40
17
17
93
15
1135
137
3
124
85
56
13
20
983
843
1063
110
16
8
91
365
811
334
501
132
15
50
25
10
169
3
79
45
83
25
575
13
8
0
0
29
8
67
103
1
84
74
14
108
11
51
52
44
154
3
49
12
554
80
412
176
978
5
36
56
3
150
5
2
208
195
45
460
81
202
120
250
70
5
5
149
537
105
81
95
31
30
5
7
83
60
25
63
84
172
10
13
10
5
32
9
46
8
41
13
238
154
9
199
53
11
182
92
148
20
4
12
8
1
9
7
3
110
12
21
1
33
29
54
19
57
27
35
6
9
2
12
18
3
5
13
66
0
127
53
587
47
65
14
211
355
102
27
23
15
18
25
28
8
37
49
25
8
18
3
15
5
4
9
4
2
220
88
49
72
62
716
72
232
53
6
85
808
113
99
109
3
205
180
472
105
35
58
183
475
671
80
56
458
68
794
85
135
503
33
192
53
195
138
449
75
8
34
22
67
34
